             2,000s 4,000s 6,000s  2,000s 4,000s 6,000s 
                     C1                    C2
CFSCA        1.087  1.195  1.256   1.129  1.201  1.224 
CFSCA_none   1.065  1.112  1.198   1.075  1.132  1.174 
CFSCA_5      1.036  1.047  1.058   1.033  1.079  1.102 
                     C3                    C4
CFSCA        1.071  1.113  1.184   1.034  1.072  1.094
CFSCA_none   1.039  1.091  1.097   1.030  1.044  1.069
CFSCA_5      1.054  1.068  1.097   1.024  1.045  1.060
                     C5                    C6
CFSCA        1.008  1.014  1.019   1.013  1.019  1.024
CFSCA_none   1.006  1.010  1.012   1.010  1.022  1.022
CFSCA_5      1.004  1.009  1.025   1.015  1.017  1.026 
                     C7                    C8
CFSCA        1.172  1.221  1.247   1.012  1.014  1.025
CFSCA_none   1.183  1.192  1.222   1.014  1.016  1.023
CFSCA_5      1.142  1.161  1.199   1.015  1.015  1.019






  


