CFSCA    C1     1.087     1.195     1.256     C2     1.129     1.201     1.224     C3     1.071     1.113     1.184     C4     1.034     1.072     1.094  
RIO     1.008   1.026   1.047     1.006   1.014   1.022     1.010   1.017   1.029     1.008   1.012   1.036 
OpenTuner     1.013   1.052   1.069     1.012   1.029   1.036     1.022   1.024   1.037     1.019   1.026   1.044 
CompTuner     1.074   1.099   1.122     1.069   1.083   1.105     1.058   1.082   1.096     1.021   1.049   1.057 
BOCA     1.068   1.072   1.119     1.064   1.080   1.089     1.064   1.099   1.114     1.026   1.041   1.044 


CFSCA    C5    1.008   1.014   1.019    C6     1.013     1.019    1.024    C7     1.172     1.221     1.247     C8     1.012     1.014     1.025  
RIO     1.001   1.004   1.009     1.001   1.003   1.014     1.084   1.099   1.122     1.004   1.006   1.013 
OpenTuner     1.003   1.006   1.012     1.001   1.004   1.019     1.111   1.134   1.158     1.008   1.009   1.015 
CompTuner      1.010    1.012   1.014     1.011   1.014    1.030      1.133   1.169   1.174     1.011   1.011   1.018 
BOCA     1.006    1.026     1.028      1.010   1.015   1.022     1.126   1.184   1.189     1.008   1.012   1.015 


CFSCA    C9     1.014     1.019     1.022     C10     1.008    1.010   1.012    C11     1.036    1.038    1.049     C12     1.027     1.034     1.039  
RIO     1.005   1.013   1.013     1.007    1.015    1.015     1.016   1.019   1.022     1.007   1.013   1.018 
OpenTuner     1.008   1.012   1.019     1.003   1.006   1.006     1.020   1.024   1.029     1.014   1.018   1.022 
CompTuner     1.011   1.011   1.015     1.007   1.012    1.018      1.025   1.029   1.031     1.018   1.023   1.029 
BOCA     1.010   1.016   1.019     1.005   1.009   1.016     1.031    1.042    1.044     1.016   1.027   1.027 


CFSCA    C13     1.019    1.032    1.036     C14     1.012     1.017     1.026     C15    1.041   1.049    1.062     C16     1.022     1.031    1.037 
RIO     1.008    1.035    1.035     1.006   1.009   1.010     1.043   1.043   1.043     1.011   1.024   1.024 
OpenTuner     1.010   1.010   1.024     1.009   1.012   1.015     1.027   1.033   1.045     1.014   1.019   1.027 
CompTuner     1.012   1.034   1.034     1.008   1.014   1.019     1.038    1.054    1.054     1.019   1.024    1.049  
BOCA     1.014   1.029   1.029     1.010   1.013   1.021      1.047    1.050   1.052     1.016   1.021   1.033 


CFSCA    C17     1.079     1.084     1.106     C18     1.057     1.061     1.089     C19    1.036    1.084     1.088     C20    1.011    1.016     1.024  
RIO     1.016   1.028   1.030     1.013   1.042   1.042      1.065    1.065   1.065     1.003   1.012   1.012 
OpenTuner     1.033   1.038   1.051     1.010   1.045   1.049     1.021   1.042   1.057      1.014    1.014   1.016 
CompTuner     1.054   1.067   1.071     1.032   1.054   1.054     1.039   1.060   1.069     1.012   1.012   1.018 
BOCA     1.041   1.048   1.050     1.042   1.047   1.051     1.030   1.066   1.066     1.008   1.013   1.016 


CFSCA    C21    1.037   1.058    1.072     C22     1.107    1.139    1.144     C23     1.096    1.099   1.128    C24     1.127    1.132    1.167  
RIO     1.015   1.026   1.026     1.045   1.072   1.077     1.014   1.039   1.042     1.037   1.056   1.056 
OpenTuner     1.022   1.031   1.033     1.093   1.093   1.101     1.077    1.105    1.105     1.052   1.061   1.070 
CompTuner     1.048    1.052   1.055     1.074    1.142    1.142     1.062   1.103   1.112     1.079   1.079   1.098 
BOCA     1.042    1.067    1.067     1.086   1.095   1.113     1.054   1.087    1.143      1.077    1.148    1.148 


CFSCA    C25     1.076     1.092     1.134     C26     1.059    1.067    1.083     C27     1.101     1.133    1.145    C28    1.032    1.067    1.114 
RIO     1.021   1.021   1.042     1.017   1.031   1.031     1.046   1.049   1.055     1.017   1.019   1.047  
OpenTuner     1.047   1.052   1.052     1.032   1.045   1.051     1.037   1.059   1.072     1.019   1.027   1.054 
CompTuner     1.054   1.069   1.074     1.041    1.072    1.072     1.098   1.113    1.164      1.014   1.059   1.083 
BOCA     1.049   1.061   1.068     1.034   1.052   1.065     1.082   1.099   1.150      1.049    1.062   